100x20_1	-3	1399628088862	448888	466420
100x20_10	-1	1399633520252	432069	439240
100x20_2	-1	1399638959658	350631	358602
100x20_3	-2	1399644406231	517770	532450
100x20_4	-1	1399649844318	475828	484745
100x20_5	-1	1399655285771	454404	465146
100x20_6	-2	1399660735278	515871	529577
100x20_7	-3	1399666175419	567597	591746
100x20_8	-1	1399671619393	461595	473034
100x20_9	-3	1399677056636	530372	550173
50x20_1	1	1399679384402	38780	38007
50x20_10	0	1399679638130	36663	36451
50x20_2	-5	1399679892891	12069	12832
50x20_3	3	1399680147074	18632	17839
50x20_4	9	1399680401948	5381	4895
50x20_5	2	1399680656574	17723	17201
50x20_6	0	1399680909978	31801	31606
50x20_7	0	1399681163725	19461	19306
50x20_8	0	1399681417354	64475	64926
50x20_9	0	1399681671238	23937	24083
60x20_1	0	1399682094529	70250	71347
60x20_10	0	1399682631585	83621	83811
60x20_2	-1	1399683167246	130051	132073
60x20_3	0	1399683702371	117303	117530
60x20_4	0	1399684239471	65331	64588
60x20_5	0	1399684775650	95559	95385
60x20_6	0	1399685312242	80066	80388
60x20_7	0	1399685848293	53320	52935
60x20_8	0	1399686383829	75705	75284
60x20_9	0	1399686919952	70345	70278
70x20_1	0	1399687848578	145545	146724
70x20_10	-1	1399689039606	159202	162692
70x20_2	0	1399690228665	196354	198359
70x20_3	0	1399691418311	114208	113390
70x20_4	0	1399692606958	125854	126194
70x20_5	0	1399693795053	142158	142133
70x20_6	0	1399694983407	126606	128453
70x20_7	0	1399696171808	136298	136539
70x20_8	-1	1399697360736	117149	119817
70x20_9	-1	1399698548769	140476	142637
80x20_1	0	1399700210726	187260	189412
80x20_10	-1	1399702193362	213442	217699
80x20_2	0	1399704175672	244093	245914
80x20_3	-2	1399706154159	253817	260878
80x20_4	0	1399708134545	226289	226783
80x20_5	0	1399710117446	281811	285697
80x20_6	-1	1399712099715	217919	222025
80x20_7	-2	1399714077680	174647	180433
80x20_8	0	1399716057967	290398	293555
80x20_9	-1	1399718041498	173366	176347
90x20_1	-1	1399720745596	289909	295197
90x20_10	-2	1399723927048	401320	414120
90x20_2	-1	1399727110161	400028	409598
90x20_3	-1	1399730292082	399175	406054
90x20_4	-2	1399733469828	347056	358650
90x20_5	0	1399736643436	309059	312738
90x20_6	0	1399739821735	369047	373705
90x20_7	-3	1399743008553	338680	350268
90x20_8	-2	1399746188788	326974	338087
90x20_9	-1	1399749370065	381228	387218
0
83981600219464
1399693336991
