100x20_1	114	1399502728036	1004912	466420
100x20_10	122	1399508151039	978888	439240
100x20_2	174	1399513574058	987137	358602
100x20_3	106	1399518996982	1102490	532450
100x20_4	124	1399524419975	1091108	484745
100x20_5	135	1399529842935	1099386	465146
100x20_6	111	1399535265912	1123505	529577
100x20_7	111	1399540688914	1255106	591746
100x20_8	113	1399546111914	1013862	473034
100x20_9	101	1399551534979	1112439	550173
50x20_1	349	1399553855885	171140	38007
50x20_10	389	1399554108605	178459	36451
50x20_2	1052	1399554361326	147955	12832
50x20_3	825	1399554614047	165171	17839
50x20_4	2081	1399554866767	106837	4895
50x20_5	760	1399555119488	148088	17201
50x20_6	527	1399555372205	198397	31606
50x20_7	718	1399555624908	158070	19306
50x20_8	232	1399555877623	215905	64926
50x20_9	557	1399556130343	158556	24083
60x20_1	250	1399556551872	250230	71347
60x20_10	275	1399557085939	315429	83811
60x20_2	182	1399557620007	374147	132073
60x20_3	158	1399558154089	304744	117530
60x20_4	351	1399558688169	291701	64588
60x20_5	237	1399559222242	322021	95385
60x20_6	269	1399559756309	297297	80388
60x20_7	416	1399560290376	273507	52935
60x20_8	270	1399560824462	279121	75284
60x20_9	297	1399561358541	279201	70278
70x20_1	188	1399562282514	424353	146724
70x20_10	203	1399563466390	494233	162692
70x20_2	154	1399564650284	505936	198359
70x20_3	242	1399565834194	389048	113390
70x20_4	260	1399567018108	455879	126194
70x20_5	214	1399568202008	446628	142133
70x20_6	240	1399569385897	437218	128453
70x20_7	213	1399570569783	428311	136539
70x20_8	245	1399571753691	413963	119817
70x20_9	217	1399572937590	453571	142637
80x20_1	192	1399574595100	554046	189412
80x20_10	167	1399576568377	583275	217699
80x20_2	167	1399578541655	659990	245914
80x20_3	159	1399580514947	678936	260878
80x20_4	180	1399582488248	637426	226783
80x20_5	134	1399584461594	672582	285697
80x20_6	168	1399586434884	597766	222025
80x20_7	226	1399588408168	589105	180433
80x20_8	130	1399590381472	679017	293555
80x20_9	224	1399592354752	573354	176347
90x20_1	159	1399595045227	766780	295197
90x20_10	119	1399598213807	909449	414120
90x20_2	116	1399601382365	887280	409598
90x20_3	132	1399604550952	943472	406054
90x20_4	128	1399607719583	820409	358650
90x20_5	172	1399610888214	852798	312738
90x20_6	124	1399614056834	840446	373705
90x20_7	151	1399617225439	882977	350268
90x20_8	145	1399620394011	833134	338087
90x20_9	119	1399623562622	850938	387218
278
83974064828914
1399567747148
