100x20_1	136	289	1104294	466420
100x20_10	144	114	1072400	439240
100x20_2	173	129	979338	358602
100x20_3	150	47	1331724	532450
100x20_4	134	66	1135827	484745
100x20_5	134	76	1092688	465146
100x20_6	143	60	1290499	529577
100x20_7	123	57	1325247	591746
100x20_8	135	43	1113212	473034
100x20_9	134	84	1288618	550173
50x20_1	493	8	225514	38007
50x20_10	545	18	235149	36451
50x20_2	1452	7	199218	12832
50x20_3	972	13	191264	17839
50x20_4	2693	14	136757	4895
50x20_5	841	15	161915	17201
50x20_6	648	9	236481	31606
50x20_7	1001	7	212667	19306
50x20_8	232	6	216189	64926
50x20_9	545	6	155436	24083
60x20_1	308	19	291701	71347
60x20_10	372	16	396045	83811
60x20_2	216	12	417928	132073
60x20_3	230	13	388110	117530
60x20_4	430	17	342949	64588
60x20_5	305	28	386853	95385
60x20_6	353	20	364428	80388
60x20_7	535	11	336497	52935
60x20_8	362	18	348207	75284
60x20_9	359	10	323253	70278
70x20_1	219	33	468656	146724
70x20_10	213	21	509720	162692
70x20_2	181	14	558384	198359
70x20_3	266	17	415702	113390
70x20_4	292	21	495754	126194
70x20_5	274	17	531761	142133
70x20_6	311	14	528270	128453
70x20_7	241	17	466858	136539
70x20_8	300	21	479568	119817
70x20_9	279	33	541234	142637
80x20_1	196	37	561894	189412
80x20_10	181	30	612878	217699
80x20_2	212	43	768784	245914
80x20_3	184	32	741091	260878
80x20_4	227	23	743309	226783
80x20_5	158	43	737583	285697
80x20_6	216	27	703082	222025
80x20_7	237	24	609024	180433
80x20_8	146	19	722278	293555
80x20_9	316	36	734987	176347
90x20_1	178	45	823355	295197
90x20_10	131	40	959592	414120
90x20_2	128	34	936395	409598
90x20_3	134	58	950320	406054
90x20_4	131	42	830332	358650
90x20_5	189	31	906901	312738
90x20_6	142	74	904992	373705
90x20_7	157	53	903550	350268
90x20_8	164	74	893908	338087
90x20_9	146	36	954216	387218
340
2241
37
