100x20_1	2	9825	480067	466420
100x20_10	7	12406	473121	439240
100x20_2	4	12963	373697	358602
100x20_3	5	12361	559820	532450
100x20_4	8	11446	523982	484745
100x20_5	5	10249	489274	465146
100x20_6	2	13221	541326	529577
100x20_7	3	9564	614808	591746
100x20_8	8	9986	514859	473034
100x20_9	3	10781	569946	550173
50x20_1	11	574	42361	38007
50x20_10	18	382	43110	36451
50x20_2	30	652	16766	12832
50x20_3	36	484	24320	17839
50x20_4	94	539	9527	4895
50x20_5	17	546	20261	17201
50x20_6	12	484	35686	31606
50x20_7	13	576	21914	19306
50x20_8	7	593	69720	64926
50x20_9	4	688	25145	24083
60x20_1	13	1194	80724	71347
60x20_10	5	1402	88516	83811
60x20_2	8	1403	142651	132073
60x20_3	13	1421	133112	117530
60x20_4	12	1133	72898	64588
60x20_5	15	1241	110271	95385
60x20_6	4	1138	83867	80388
60x20_7	8	1173	57192	52935
60x20_8	9	1522	82273	75284
60x20_9	6	1279	75037	70278
70x20_1	3	2498	151862	146724
70x20_10	8	2739	175831	162692
70x20_2	5	2474	209167	198359
70x20_3	9	2670	124279	113390
70x20_4	9	2608	138218	126194
70x20_5	7	2956	152401	142133
70x20_6	12	2637	143900	128453
70x20_7	15	1712	158302	136539
70x20_8	5	2176	126800	119817
70x20_9	9	2769	155928	142637
80x20_1	7	4059	202796	189412
80x20_10	5	4729	229674	217699
80x20_2	5	3872	259632	245914
80x20_3	4	4179	273662	260878
80x20_4	8	5428	246761	226783
80x20_5	6	3952	305029	285697
80x20_6	1	4721	224484	222025
80x20_7	10	3963	198620	180433
80x20_8	9	3399	322078	293555
80x20_9	16	4567	204620	176347
90x20_1	5	8716	310327	295197
90x20_10	4	5543	432355	414120
90x20_2	2	5638	421331	409598
90x20_3	1	6414	412634	406054
90x20_4	8	6770	390683	358650
90x20_5	3	7903	322238	312738
90x20_6	10	7819	413414	373705
90x20_7	6	7597	372148	350268
90x20_8	5	5804	357130	338087
90x20_9	8	7034	418203	387218
9
268572
4476
