100x20_1	3	33218	482302	466420
100x20_10	5	23529	462295	439240
100x20_2	1	29956	364352	358602
100x20_3	3	32857	552835	532450
100x20_4	1	34179	493203	484745
100x20_5	1	34139	472692	465146
100x20_6	1	37977	537098	529577
100x20_7	3	25739	611085	591746
100x20_8	6	26002	503338	473034
100x20_9	2	33890	563566	550173
50x20_1	5	1547	40012	38007
50x20_10	13	1862	41473	36451
50x20_2	10	1982	14190	12832
50x20_3	7	1810	19124	17839
50x20_4	46	2336	7161	4895
50x20_5	16	1734	20034	17201
50x20_6	11	1405	35094	31606
50x20_7	12	1736	21792	19306
50x20_8	8	1081	70714	64926
50x20_9	9	2217	26332	24083
60x20_1	13	3359	80808	71347
60x20_10	2	4282	86018	83811
60x20_2	0	2594	133300	132073
60x20_3	8	3287	127843	117530
60x20_4	7	3861	69543	64588
60x20_5	7	3496	102990	95385
60x20_6	5	4512	84626	80388
60x20_7	9	4465	58173	52935
60x20_8	4	3469	78774	75284
60x20_9	11	3429	78155	70278
70x20_1	1	6578	148678	146724
70x20_10	4	6906	170758	162692
70x20_2	9	7442	216529	198359
70x20_3	4	9082	119044	113390
70x20_4	5	7502	133612	126194
70x20_5	3	6128	147424	142133
70x20_6	8	7519	138790	128453
70x20_7	6	6147	145023	136539
70x20_8	6	6992	128036	119817
70x20_9	8	8680	155132	142637
80x20_1	4	12065	198010	189412
80x20_10	4	12177	227244	217699
80x20_2	0	11941	246264	245914
80x20_3	10	9542	289228	260878
80x20_4	9	12370	248761	226783
80x20_5	4	10802	298201	285697
80x20_6	2	12400	226966	222025
80x20_7	6	13093	191416	180433
80x20_8	7	13157	316826	293555
80x20_9	2	13846	180350	176347
90x20_1	2	22018	303289	295197
90x20_10	2	20728	423489	414120
90x20_2	0	15557	412116	409598
90x20_3	0	17853	409227	406054
90x20_4	3	18671	371142	358650
90x20_5	5	28416	330455	312738
90x20_6	3	26069	387571	373705
90x20_7	2	30909	359887	350268
90x20_8	6	16060	360901	338087
90x20_9	6	15571	412046	387218
6
772171
12869
