100x20_1	0	11815	467527	466420
100x20_10	4	14197	460818	439240
100x20_2	5	17637	379686	358602
100x20_3	5	13353	562714	532450
100x20_4	1	15776	493406	484745
100x20_5	3	18722	481585	465146
100x20_6	4	15393	555483	529577
100x20_7	2	14053	604650	591746
100x20_8	1	18871	481620	473034
100x20_9	4	13935	576444	550173
50x20_1	13	739	43292	38007
50x20_10	16	739	42417	36451
50x20_2	45	615	18732	12832
50x20_3	27	697	22783	17839
50x20_4	67	694	8208	4895
50x20_5	54	742	26522	17201
50x20_6	9	879	34607	31606
50x20_7	18	690	22910	19306
50x20_8	14	619	74192	64926
50x20_9	17	687	28377	24083
60x20_1	11	1300	79285	71347
60x20_10	9	1135	91470	83811
60x20_2	9	1596	144952	132073
60x20_3	8	1182	127844	117530
60x20_4	14	1809	74237	64588
60x20_5	13	1662	108468	95385
60x20_6	13	1927	90882	80388
60x20_7	14	2546	60733	52935
60x20_8	15	1866	86797	75284
60x20_9	9	1909	76733	70278
70x20_1	8	3702	158499	146724
70x20_10	11	3172	180644	162692
70x20_2	8	2662	214708	198359
70x20_3	13	3527	128444	113390
70x20_4	11	2927	141157	126194
70x20_5	13	3310	161976	142133
70x20_6	8	3067	139727	128453
70x20_7	8	2541	148665	136539
70x20_8	11	2524	133755	119817
70x20_9	6	2917	152611	142637
80x20_1	10	4941	208371	189412
80x20_10	7	5903	234851	217699
80x20_2	8	5679	267646	245914
80x20_3	3	4827	270514	260878
80x20_4	5	5365	238851	226783
80x20_5	6	5237	303062	285697
80x20_6	4	4569	232333	222025
80x20_7	8	5589	194998	180433
80x20_8	3	4938	304262	293555
80x20_9	10	5715	195622	176347
90x20_1	3	8572	306430	295197
90x20_10	6	8218	442807	414120
90x20_2	5	6896	433596	409598
90x20_3	4	8654	422617	406054
90x20_4	4	9342	374102	358650
90x20_5	4	7987	328000	312738
90x20_6	4	8565	389468	373705
90x20_7	3	9987	363646	350268
90x20_8	4	8070	354200	338087
90x20_9	5	7502	409402	387218
10
344690
5744
