100x20_1	159	47	1210250	466420
100x20_10	141	45	1061783	439240
100x20_2	183	64	1018369	358602
100x20_3	129	46	1223550	532450
100x20_4	151	38	1218965	484745
100x20_5	170	54	1257036	465146
100x20_6	126	58	1198927	529577
100x20_7	131	48	1369458	591746
100x20_8	147	72	1170995	473034
100x20_9	124	98	1233390	550173
50x20_1	490	8	224341	38007
50x20_10	520	8	226245	36451
50x20_2	1194	8	166061	12832
50x20_3	1147	8	222616	17839
50x20_4	3335	10	168171	4895
50x20_5	742	10	144996	17201
50x20_6	682	8	247231	31606
50x20_7	991	17	210689	19306
50x20_8	316	5	270147	64926
50x20_9	779	8	211779	24083
60x20_1	300	10	285691	71347
60x20_10	290	16	327528	83811
60x20_2	197	10	392411	132073
60x20_3	194	23	346219	117530
60x20_4	523	10	402411	64588
60x20_5	271	10	354785	95385
60x20_6	321	10	338713	80388
60x20_7	592	13	366457	52935
60x20_8	278	13	284913	75284
60x20_9	343	14	311899	70278
70x20_1	330	12	631150	146724
70x20_10	260	16	586222	162692
70x20_2	149	31	495851	198359
70x20_3	331	17	489761	113390
70x20_4	357	23	577266	126194
70x20_5	266	13	520875	142133
70x20_6	301	19	516307	128453
70x20_7	196	26	404269	136539
70x20_8	276	16	450825	119817
70x20_9	238	19	483395	142637
80x20_1	257	23	676602	189412
80x20_10	206	24	667403	217699
80x20_2	197	41	731727	245914
80x20_3	200	41	782738	260878
80x20_4	215	39	715919	226783
80x20_5	158	30	739165	285697
80x20_6	187	17	637924	222025
80x20_7	221	30	580695	180433
80x20_8	161	26	766880	293555
80x20_9	248	28	614257	176347
90x20_1	143	56	719126	295197
90x20_10	169	73	1114953	414120
90x20_2	126	37	927862	409598
90x20_3	152	47	1026158	406054
90x20_4	140	35	864035	358650
90x20_5	203	37	947762	312738
90x20_6	128	38	854744	373705
90x20_7	179	43	979396	350268
90x20_8	180	34	946715	338087
90x20_9	133	29	902429	387218
354
1709
28
