100x20_1	9	2942	510647	466420
100x20_10	12	3320	494006	439240
100x20_2	15	3454	415113	358602
100x20_3	9	3241	583596	532450
100x20_4	15	3305	559877	484745
100x20_5	14	2897	534416	465146
100x20_6	10	3079	586137	529577
100x20_7	8	3076	641989	591746
100x20_8	16	3460	552719	473034
100x20_9	11	2428	613021	550173
50x20_1	32	187	50261	38007
50x20_10	51	207	55083	36451
50x20_2	72	245	22159	12832
50x20_3	62	206	28918	17839
50x20_4	190	199	14218	4895
50x20_5	76	251	30378	17201
50x20_6	45	244	45906	31606
50x20_7	57	193	30358	19306
50x20_8	21	193	78600	64926
50x20_9	21	305	29152	24083
60x20_1	17	484	83485	71347
60x20_10	22	486	103000	83811
60x20_2	22	392	162071	132073
60x20_3	20	410	141447	117530
60x20_4	39	424	90377	64588
60x20_5	36	405	130439	95385
60x20_6	21	545	97645	80388
60x20_7	35	475	71886	52935
60x20_8	22	425	92418	75284
60x20_9	37	379	96783	70278
70x20_1	25	703	183933	146724
70x20_10	23	771	200534	162692
70x20_2	22	706	242003	198359
70x20_3	26	783	143032	113390
70x20_4	30	790	165171	126194
70x20_5	31	872	186292	142133
70x20_6	18	875	152385	128453
70x20_7	30	782	178201	136539
70x20_8	33	1018	159628	119817
70x20_9	29	739	184556	142637
80x20_1	17	1214	222306	189412
80x20_10	8	1406	237102	217699
80x20_2	21	1490	297957	245914
80x20_3	16	1345	303412	260878
80x20_4	20	1710	273947	226783
80x20_5	14	1374	328103	285697
80x20_6	15	1554	257025	222025
80x20_7	24	1467	223817	180433
80x20_8	14	1391	336028	293555
80x20_9	16	1563	204970	176347
90x20_1	23	1678	364437	295197
90x20_10	11	2260	460722	414120
90x20_2	8	2478	444453	409598
90x20_3	12	2389	456615	406054
90x20_4	20	2126	431156	358650
90x20_5	8	2120	340376	312738
90x20_6	15	1929	432275	373705
90x20_7	11	2213	389910	350268
90x20_8	19	2231	405354	338087
90x20_9	25	1943	487188	387218
26
81777
1362
