100x20_1	0	6022	470333	466420
100x20_10	5	4931	462267	439240
100x20_2	6	4840	380862	358602
100x20_3	4	5097	555016	532450
100x20_4	6	4700	514519	484745
100x20_5	1	4947	472178	465146
100x20_6	0	7429	532675	529577
100x20_7	2	5697	605231	591746
100x20_8	7	5380	508519	473034
100x20_9	4	4164	574747	550173
50x20_1	6	321	40565	38007
50x20_10	7	363	39054	36451
50x20_2	29	363	16589	12832
50x20_3	26	352	22512	17839
50x20_4	49	283	7297	4895
50x20_5	49	255	25767	17201
50x20_6	16	367	36683	31606
50x20_7	27	234	24619	19306
50x20_8	4	331	67999	64926
50x20_9	12	280	27050	24083
60x20_1	6	651	76290	71347
60x20_10	7	707	89949	83811
60x20_2	8	708	142717	132073
60x20_3	5	635	123756	117530
60x20_4	17	534	75953	64588
60x20_5	7	781	102882	95385
60x20_6	7	772	86136	80388
60x20_7	1	926	53908	52935
60x20_8	12	744	84422	75284
60x20_9	7	528	75459	70278
70x20_1	4	1437	153007	146724
70x20_10	4	1584	169515	162692
70x20_2	9	1245	217585	198359
70x20_3	6	1548	121033	113390
70x20_4	7	1069	135948	126194
70x20_5	10	1080	157624	142133
70x20_6	8	1302	139309	128453
70x20_7	8	1280	147802	136539
70x20_8	8	1543	130082	119817
70x20_9	10	1258	157748	142637
80x20_1	3	2110	195333	189412
80x20_10	5	3488	229141	217699
80x20_2	6	1960	263049	245914
80x20_3	5	2158	274044	260878
80x20_4	5	2673	240283	226783
80x20_5	6	1716	304198	285697
80x20_6	7	1889	238377	222025
80x20_7	6	2128	192040	180433
80x20_8	7	2202	314276	293555
80x20_9	8	2311	191717	176347
90x20_1	2	3874	302715	295197
90x20_10	5	3676	436334	414120
90x20_2	3	3754	424496	409598
90x20_3	7	3217	437846	406054
90x20_4	5	3110	377349	358650
90x20_5	6	3874	334217	312738
90x20_6	6	4085	398443	373705
90x20_7	4	3501	367431	350268
90x20_8	4	4296	353602	338087
90x20_9	4	3535	404439	387218
8
136245
2270
