100x20_1	11	6027	521792	466420
100x20_10	11	7365	490294	439240
100x20_2	16	7568	418597	358602
100x20_3	8	6755	575986	532450
100x20_4	6	6363	517207	484745
100x20_5	9	7403	509329	465146
100x20_6	6	7234	562919	529577
100x20_7	10	7616	650963	591746
100x20_8	8	6965	511027	473034
100x20_9	10	6160	608186	550173
50x20_1	15	522	43902	38007
50x20_10	24	456	45418	36451
50x20_2	74	452	22368	12832
50x20_3	23	599	22021	17839
50x20_4	67	458	8181	4895
50x20_5	26	493	21738	17201
50x20_6	23	544	38933	31606
50x20_7	8	486	20975	19306
50x20_8	18	517	76799	64926
50x20_9	2	520	24570	24083
60x20_1	13	883	81166	71347
60x20_10	13	891	95491	83811
60x20_2	12	913	148611	132073
60x20_3	8	1072	127908	117530
60x20_4	26	881	81862	64588
60x20_5	41	659	135363	95385
60x20_6	21	833	97481	80388
60x20_7	20	844	64002	52935
60x20_8	32	839	99391	75284
60x20_9	22	1083	86210	70278
70x20_1	12	1556	164426	146724
70x20_10	17	1664	191865	162692
70x20_2	9	1952	217154	198359
70x20_3	17	1554	133506	113390
70x20_4	11	2008	140583	126194
70x20_5	15	1921	163995	142133
70x20_6	19	1892	154064	128453
70x20_7	14	1815	156778	136539
70x20_8	25	1612	150562	119817
70x20_9	19	1507	171046	142637
80x20_1	12	2876	213615	189412
80x20_10	7	3576	234815	217699
80x20_2	15	3033	285166	245914
80x20_3	18	2344	309849	260878
80x20_4	16	2973	265256	226783
80x20_5	14	2585	328142	285697
80x20_6	19	2634	264843	222025
80x20_7	23	2945	222263	180433
80x20_8	16	2749	343320	293555
80x20_9	13	2705	200506	176347
90x20_1	10	4293	325292	295197
90x20_10	14	4214	474401	414120
90x20_2	10	4108	454314	409598
90x20_3	14	5181	466783	406054
90x20_4	17	4204	420424	358650
90x20_5	9	5202	341230	312738
90x20_6	15	4526	431416	373705
90x20_7	7	4901	376954	350268
90x20_8	11	5030	375533	338087
90x20_9	15	3599	445443	387218
16
174560
2909
