100x20_1	19	2312	557507	466420
100x20_10	10	3521	485511	439240
100x20_2	15	3149	415229	358602
100x20_3	9	2915	585001	532450
100x20_4	19	2906	581521	484745
100x20_5	12	3284	523186	465146
100x20_6	10	2850	586225	529577
100x20_7	19	2002	704311	591746
100x20_8	13	3204	536381	473034
100x20_9	10	2687	608188	550173
50x20_1	45	212	55391	38007
50x20_10	39	199	50935	36451
50x20_2	149	207	31984	12832
50x20_3	133	236	41724	17839
50x20_4	158	227	12656	4895
50x20_5	115	178	37152	17201
50x20_6	81	194	57356	31606
50x20_7	50	180	28959	19306
50x20_8	34	214	87451	64926
50x20_9	35	168	32523	24083
60x20_1	37	316	97989	71347
60x20_10	27	469	107073	83811
60x20_2	28	339	169488	132073
60x20_3	30	309	153527	117530
60x20_4	44	360	93303	64588
60x20_5	47	343	140394	95385
60x20_6	14	508	91896	80388
60x20_7	40	561	74338	52935
60x20_8	30	458	98305	75284
60x20_9	43	368	100677	70278
70x20_1	20	817	176257	146724
70x20_10	27	620	208006	162692
70x20_2	19	886	237595	198359
70x20_3	24	763	140610	113390
70x20_4	38	745	174379	126194
70x20_5	32	795	188588	142133
70x20_6	28	695	164612	128453
70x20_7	21	905	165726	136539
70x20_8	33	578	160141	119817
70x20_9	24	1048	177404	142637
80x20_1	24	1269	235533	189412
80x20_10	17	1323	255527	217699
80x20_2	14	1353	280672	245914
80x20_3	23	1091	322152	260878
80x20_4	26	1197	287287	226783
80x20_5	17	1380	336099	285697
80x20_6	11	1310	246628	222025
80x20_7	22	1189	221465	180433
80x20_8	16	1360	341687	293555
80x20_9	24	1249	219598	176347
90x20_1	16	2076	344356	295197
90x20_10	11	2016	461551	414120
90x20_2	15	2091	472657	409598
90x20_3	14	1795	462904	406054
90x20_4	18	2081	426003	358650
90x20_5	18	1989	369384	312738
90x20_6	20	1689	451892	373705
90x20_7	17	1731	413303	350268
90x20_8	17	1955	397270	338087
90x20_9	20	1817	465289	387218
32
74689
1244
