100x20_1	5	3945	491370	466420
100x20_10	4	4405	458647	439240
100x20_2	7	4375	383863	358602
100x20_3	2	3572	544943	532450
100x20_4	3	3892	503639	484745
100x20_5	3	4307	481380	465146
100x20_6	0	5250	533604	529577
100x20_7	2	4094	606241	591746
100x20_8	6	4203	504016	473034
100x20_9	1	4247	557178	550173
50x20_1	7	252	40776	38007
50x20_10	7	261	39240	36451
50x20_2	65	174	21215	12832
50x20_3	49	223	26612	17839
50x20_4	99	209	9775	4895
50x20_5	37	237	23622	17201
50x20_6	11	380	35178	31606
50x20_7	10	252	21389	19306
50x20_8	11	170	72100	64926
50x20_9	12	290	26986	24083
60x20_1	13	467	80899	71347
60x20_10	3	684	86742	83811
60x20_2	10	550	145583	132073
60x20_3	5	353	124420	117530
60x20_4	21	620	78759	64588
60x20_5	19	568	114253	95385
60x20_6	15	552	93112	80388
60x20_7	17	709	62428	52935
60x20_8	12	498	84491	75284
60x20_9	17	591	82737	70278
70x20_1	10	1016	161781	146724
70x20_10	17	964	191163	162692
70x20_2	7	1176	214022	198359
70x20_3	11	723	126857	113390
70x20_4	7	984	135515	126194
70x20_5	18	918	167783	142133
70x20_6	11	919	143474	128453
70x20_7	18	733	162391	136539
70x20_8	6	954	127357	119817
70x20_9	6	951	152513	142637
80x20_1	4	1697	197629	189412
80x20_10	10	1341	240102	217699
80x20_2	9	1663	268342	245914
80x20_3	10	1667	287773	260878
80x20_4	14	1687	258702	226783
80x20_5	11	1175	317354	285697
80x20_6	2	1880	226767	222025
80x20_7	9	2119	197943	180433
80x20_8	6	1553	311341	293555
80x20_9	2	1705	180892	176347
90x20_1	5	2754	312119	295197
90x20_10	6	2632	441753	414120
90x20_2	7	1787	438672	409598
90x20_3	4	2588	425305	406054
90x20_4	8	2241	387344	358650
90x20_5	3	3657	322973	312738
90x20_6	14	1938	426193	373705
90x20_7	7	2482	374902	350268
90x20_8	7	2523	363328	338087
90x20_9	11	1761	429869	387218
12
100518
1675
