100x20_1	8	6325	506556	466420
100x20_10	10	6263	485421	439240
100x20_2	15	5967	415721	358602
100x20_3	9	6706	581590	532450
100x20_4	5	7321	510228	484745
100x20_5	9	5025	510332	465146
100x20_6	9	6089	578825	529577
100x20_7	14	5483	674643	591746
100x20_8	17	5740	553686	473034
100x20_9	6	5173	585568	550173
50x20_1	20	474	45731	38007
50x20_10	26	429	46089	36451
50x20_2	33	648	17160	12832
50x20_3	53	524	27421	17839
50x20_4	74	384	8527	4895
50x20_5	36	444	23439	17201
50x20_6	27	389	40285	31606
50x20_7	34	454	26049	19306
50x20_8	20	317	78295	64926
50x20_9	32	385	31797	24083
60x20_1	16	795	82831	71347
60x20_10	23	902	103845	83811
60x20_2	15	857	152759	132073
60x20_3	25	626	147764	117530
60x20_4	26	884	81484	64588
60x20_5	11	851	106181	95385
60x20_6	17	1006	94404	80388
60x20_7	31	906	69700	52935
60x20_8	26	714	95239	75284
60x20_9	9	997	77177	70278
70x20_1	20	1556	176380	146724
70x20_10	30	1159	211903	162692
70x20_2	11	1466	221803	198359
70x20_3	24	1217	140716	113390
70x20_4	28	1270	162621	126194
70x20_5	29	1328	184292	142133
70x20_6	7	1483	137634	128453
70x20_7	13	1516	154877	136539
70x20_8	16	1581	139912	119817
70x20_9	21	1383	173235	142637
80x20_1	4	3333	198706	189412
80x20_10	14	2334	248338	217699
80x20_2	18	2235	290825	245914
80x20_3	19	2203	311253	260878
80x20_4	13	3011	256476	226783
80x20_5	8	2868	309768	285697
80x20_6	13	2167	251882	222025
80x20_7	14	2308	206693	180433
80x20_8	9	2619	322143	293555
80x20_9	18	2607	208746	176347
90x20_1	12	4400	331055	295197
90x20_10	9	4279	453938	414120
90x20_2	16	3351	475624	409598
90x20_3	12	3695	457432	406054
90x20_4	14	3959	411403	358650
90x20_5	16	4016	364874	312738
90x20_6	18	3647	441734	373705
90x20_7	14	3602	400885	350268
90x20_8	13	4281	384556	338087
90x20_9	18	3436	459880	387218
18
151388
2523
