100x20_1	7	7831	502137	466420
100x20_10	3	7708	456690	439240
100x20_2	13	9090	407064	358602
100x20_3	3	7332	552025	532450
100x20_4	6	7083	517922	484745
100x20_5	2	7849	476439	465146
100x20_6	0	11126	525774	529577
100x20_7	8	7669	639322	591746
100x20_8	5	7293	499241	473034
100x20_9	9	6737	600725	550173
50x20_1	14	321	43703	38007
50x20_10	12	427	41152	36451
50x20_2	11	349	14317	12832
50x20_3	24	415	22188	17839
50x20_4	56	347	7668	4895
50x20_5	63	282	28111	17201
50x20_6	14	457	36270	31606
50x20_7	9	328	21205	19306
50x20_8	3	365	67305	64926
50x20_9	15	556	27816	24083
60x20_1	13	961	80677	71347
60x20_10	9	918	91628	83811
60x20_2	1	1060	134198	132073
60x20_3	13	687	133461	117530
60x20_4	4	682	67313	64588
60x20_5	8	893	103493	95385
60x20_6	7	1054	86261	80388
60x20_7	7	923	56967	52935
60x20_8	12	939	84849	75284
60x20_9	9	918	76702	70278
70x20_1	5	1669	155366	146724
70x20_10	5	1787	171933	162692
70x20_2	13	1770	225092	198359
70x20_3	11	1717	126216	113390
70x20_4	15	1554	145910	126194
70x20_5	12	1553	159441	142133
70x20_6	2	2240	131213	128453
70x20_7	10	1332	150467	136539
70x20_8	10	1410	132430	119817
70x20_9	11	1420	159113	142637
80x20_1	6	2897	201229	189412
80x20_10	6	3424	231511	217699
80x20_2	9	1698	270391	245914
80x20_3	13	2551	295524	260878
80x20_4	3	2330	235762	226783
80x20_5	9	2275	312483	285697
80x20_6	3	3466	228720	222025
80x20_7	9	2708	198229	180433
80x20_8	4	2703	308092	293555
80x20_9	7	2530	189151	176347
90x20_1	5	5039	310395	295197
90x20_10	7	4459	446934	414120
90x20_2	5	3687	433949	409598
90x20_3	8	5686	442410	406054
90x20_4	5	4817	379353	358650
90x20_5	8	4930	339355	312738
90x20_6	7	3616	401625	373705
90x20_7	4	5301	364533	350268
90x20_8	3	5884	351371	338087
90x20_9	6	4442	411954	387218
9
183495
3058
