100x20_1	1	8019	472767	466420
100x20_10	7	8845	472757	439240
100x20_2	4	11978	373915	358602
100x20_3	2	8485	548054	532450
100x20_4	1	9805	492366	484745
100x20_5	1	11647	472646	465146
100x20_6	3	12869	546982	529577
100x20_7	2	8508	607045	591746
100x20_8	4	8377	495908	473034
100x20_9	2	10109	561292	550173
50x20_1	11	678	42481	38007
50x20_10	18	531	43146	36451
50x20_2	36	463	17549	12832
50x20_3	52	380	27255	17839
50x20_4	77	530	8692	4895
50x20_5	49	574	25782	17201
50x20_6	19	591	37636	31606
50x20_7	16	419	22587	19306
50x20_8	10	499	71554	64926
50x20_9	17	646	28213	24083
60x20_1	14	815	82003	71347
60x20_10	9	1276	91854	83811
60x20_2	6	1278	140782	132073
60x20_3	11	747	131611	117530
60x20_4	39	791	90251	64588
60x20_5	13	1242	108229	95385
60x20_6	12	1156	90647	80388
60x20_7	13	1025	60281	52935
60x20_8	12	1183	84416	75284
60x20_9	16	967	81942	70278
70x20_1	9	2052	160762	146724
70x20_10	8	2835	177064	162692
70x20_2	7	2785	213069	198359
70x20_3	10	2054	125263	113390
70x20_4	9	2551	137729	126194
70x20_5	8	2403	153881	142133
70x20_6	8	2266	139800	128453
70x20_7	3	1976	140696	136539
70x20_8	13	2014	135628	119817
70x20_9	7	2324	152850	142637
80x20_1	10	3231	209295	189412
80x20_10	7	4060	234895	217699
80x20_2	11	3048	273678	245914
80x20_3	5	3544	276055	260878
80x20_4	7	3684	243263	226783
80x20_5	6	2775	304701	285697
80x20_6	1	4437	224681	222025
80x20_7	8	3800	196086	180433
80x20_8	3	3652	305085	293555
80x20_9	9	3577	193843	176347
90x20_1	4	6976	307311	295197
90x20_10	7	6217	446958	414120
90x20_2	6	5096	436058	409598
90x20_3	7	6363	435042	406054
90x20_4	2	6343	369161	358650
90x20_5	8	7537	340707	312738
90x20_6	6	5522	396613	373705
90x20_7	5	7509	370524	350268
90x20_8	1	6794	342130	338087
90x20_9	8	4796	420424	387218
11
236654
3944
