100x20_1	0	20484	469239	466420
100x20_10	2	18819	451552	439240
100x20_2	2	26341	369212	358602
100x20_3	1	20887	537791	532450
100x20_4	1	23135	494271	484745
100x20_5	0	25258	464206	465146
100x20_6	0	27472	527949	529577
100x20_7	0	20340	593562	591746
100x20_8	2	18150	484275	473034
100x20_9	1	20630	556572	550173
50x20_1	5	1150	39911	38007
50x20_10	6	1125	38857	36451
50x20_2	21	861	15593	12832
50x20_3	25	765	22472	17839
50x20_4	67	894	8184	4895
50x20_5	44	936	24899	17201
50x20_6	5	1014	33390	31606
50x20_7	7	1088	20833	19306
50x20_8	6	1105	68875	64926
50x20_9	10	1505	26700	24083
60x20_1	3	2710	74141	71347
60x20_10	1	2888	84921	83811
60x20_2	10	1935	145717	132073
60x20_3	8	1828	127436	117530
60x20_4	12	1528	72514	64588
60x20_5	7	2434	102459	95385
60x20_6	6	2302	85786	80388
60x20_7	6	3173	56320	52935
60x20_8	11	2004	83617	75284
60x20_9	6	2542	74987	70278
70x20_1	3	4322	152149	146724
70x20_10	6	4999	173213	162692
70x20_2	7	4872	213469	198359
70x20_3	5	4639	119925	113390
70x20_4	7	4940	135272	126194
70x20_5	2	5752	145757	142133
70x20_6	2	5820	131140	128453
70x20_7	9	4317	149327	136539
70x20_8	4	3845	124759	119817
70x20_9	4	5464	149147	142637
80x20_1	4	8889	197987	189412
80x20_10	3	9773	224678	217699
80x20_2	5	7506	259716	245914
80x20_3	3	7395	271150	260878
80x20_4	5	8005	239456	226783
80x20_5	7	4601	307353	285697
80x20_6	5	8349	234311	222025
80x20_7	0	7913	180749	180433
80x20_8	7	8389	314604	293555
80x20_9	6	7352	188012	176347
90x20_1	2	16114	301123	295197
90x20_10	4	15753	434545	414120
90x20_2	3	11941	422018	409598
90x20_3	4	11624	425658	406054
90x20_4	3	11866	372573	358650
90x20_5	5	16065	330928	312738
90x20_6	4	12385	391201	373705
90x20_7	2	17017	359409	350268
90x20_8	2	13785	346947	338087
90x20_9	6	10709	411795	387218
6
519704
8661
