100x20_1	105	92	959323	466420
100x20_10	107	78	910035	439240
100x20_2	155	98	914808	358602
100x20_3	93	89	1029017	532450
100x20_4	115	79	1042889	484745
100x20_5	133	96	1086993	465146
100x20_6	101	92	1069586	529577
100x20_7	107	86	1226909	591746
100x20_8	106	79	976430	473034
100x20_9	84	81	1012818	550173
50x20_1	354	15	172593	38007
50x20_10	308	18	148836	36451
50x20_2	594	30	89180	12832
50x20_3	865	12	172238	17839
50x20_4	1767	11	91425	4895
50x20_5	734	10	143479	17201
50x20_6	464	14	178402	31606
50x20_7	662	13	147191	19306
50x20_8	203	16	196930	64926
50x20_9	498	12	144107	24083
60x20_1	300	18	286030	71347
60x20_10	257	24	299835	83811
60x20_2	143	22	321617	132073
60x20_3	124	23	264422	117530
60x20_4	265	20	236182	64588
60x20_5	226	17	311430	95385
60x20_6	243	14	276312	80388
60x20_7	388	19	258814	52935
60x20_8	241	27	257123	75284
60x20_9	233	26	234536	70278
70x20_1	203	28	445549	146724
70x20_10	191	31	474432	162692
70x20_2	164	33	524820	198359
70x20_3	177	31	314805	113390
70x20_4	223	30	407656	126194
70x20_5	209	25	439355	142133
70x20_6	219	28	409850	128453
70x20_7	191	28	398599	136539
70x20_8	183	24	339532	119817
70x20_9	180	36	400701	142637
80x20_1	167	41	507078	189412
80x20_10	150	42	546094	217699
80x20_2	125	70	554646	245914
80x20_3	143	36	635037	260878
80x20_4	160	35	590583	226783
80x20_5	115	37	615085	285697
80x20_6	162	44	582120	222025
80x20_7	172	48	491688	180433
80x20_8	115	48	632609	293555
80x20_9	179	44	493114	176347
90x20_1	169	71	796423	295197
90x20_10	103	59	841048	414120
90x20_2	106	86	844905	409598
90x20_3	115	48	876900	406054
90x20_4	121	60	794567	358650
90x20_5	151	65	787266	312738
90x20_6	92	67	718150	373705
90x20_7	146	76	864625	350268
90x20_8	125	61	763652	338087
90x20_9	101	46	781991	387218
243
2609
43
