100x20_1	98	117	923650	466420
100x20_10	100	85	881702	439240
100x20_2	137	170	850549	358602
100x20_3	84	91	980497	532450
100x20_4	106	83	1001643	484745
100x20_5	133	86	1086930	465146
100x20_6	102	92	1073005	529577
100x20_7	97	90	1167717	591746
100x20_8	98	109	937418	473034
100x20_9	74	106	959216	550173
50x20_1	346	16	169575	38007
50x20_10	307	17	148662	36451
50x20_2	788	13	113953	12832
50x20_3	787	12	158306	17839
50x20_4	1834	14	94682	4895
50x20_5	661	13	130989	17201
50x20_6	463	11	178115	31606
50x20_7	660	16	146735	19306
50x20_8	183	17	183868	64926
50x20_9	485	12	141041	24083
60x20_1	308	22	291717	71347
60x20_10	286	15	323562	83811
60x20_2	136	21	312421	132073
60x20_3	138	23	279875	117530
60x20_4	265	20	236211	64588
60x20_5	213	17	298798	95385
60x20_6	217	17	255169	80388
60x20_7	386	20	257477	52935
60x20_8	225	17	244726	75284
60x20_9	243	18	241629	70278
70x20_1	192	22	429539	146724
70x20_10	186	33	466610	162692
70x20_2	167	28	530328	198359
70x20_3	146	29	279763	113390
70x20_4	211	30	392681	126194
70x20_5	199	30	425201	142133
70x20_6	222	26	414848	128453
70x20_7	187	31	392773	136539
70x20_8	173	29	327983	119817
70x20_9	177	26	395242	142637
80x20_1	171	40	513473	189412
80x20_10	146	34	537602	217699
80x20_2	129	63	565177	245914
80x20_3	136	78	617481	260878
80x20_4	154	44	577815	226783
80x20_5	106	51	591309	285697
80x20_6	149	42	554037	222025
80x20_7	153	35	457487	180433
80x20_8	122	49	654597	293555
80x20_9	181	41	496080	176347
90x20_1	168	74	791586	295197
90x20_10	100	69	829178	414120
90x20_2	101	81	827089	409598
90x20_3	101	65	818168	406054
90x20_4	123	44	800107	358650
90x20_5	144	88	765666	312738
90x20_6	86	89	698167	373705
90x20_7	140	82	842306	350268
90x20_8	123	82	755841	338087
90x20_9	100	63	778298	387218
240
2858
47
