1.6479e-11
6.566262e-07
1.650747e-11
1.66871e-11
1.668972e-11
0.001887301
3.558256e-11
3.880961e-05
1.649194e-11
1.66871e-11
1.66688e-11
1.401733e-07
5.791151e-06
1.670281e-11
1.670805e-11
1.646866e-11
0.7562894
7.25813e-09
1.681026e-08
1.668972e-11
1.667926e-11
1.218116e-10
1.669234e-11
1.670281e-11
2.685764e-09
9.410355e-06
0.07339366
1.376776e-09
1.669757e-11
1.667664e-11
1.669757e-11
1.667664e-11
1.648417e-11
4.229889e-07
2.965186e-11
0.861429
1.670281e-11
1.668449e-11
0.7742204
1.669757e-11
1.669495e-11
1.670019e-11
1.670543e-11
4.520244e-11
3.454208e-11
1.66871e-11
1.669495e-11
1.669495e-11
1.669757e-11
1.66688e-11
2.449249e-11
1.642735e-11
5.420053e-09
1.657235e-11
1.670281e-11
1.669757e-11
2.515346e-08
3.401544e-08
1.670019e-11
1.670019e-11
5.411351e-11
1.66871e-11
1.667403e-11
1.670019e-11
1.669495e-11
0.0002718787
